000032
000034
000066
000088
000403
000423
000426
000429
000539
000582
000657
000661
000737
000786
000800
000818
000893
000921
000933
000951
000958
001213
001309
001696
002007
002008
002032
002044
002120
002126
002130
002157
002202
002252
002261
002262
002265
002271
002312
002318
002335
002402
002410
002414
002432
002436
002461
002463
002472
002487
002517
002518
002558
002600
002601
002607
002608
002739
002761
002773
002812
002821
002837
002841
002851
002865
002984
003021
003031
300054
300100
300114
300118
300140
300142
300339
300346
300394
300395
300432
300438
300442
300454
300458
300475
300476
300487
300502
300529
300548
300567
300573
300601
300620
300623
300627
300666
300679
300718
300735
300748
300757
300759
300765
300803
300857
300919
300953
300957
300972
301165
301200
301236
301267
301301
301308
301358
301377
302132
600004
600007
600027
600066
600098
600100
600105
600129
600292
600295
600332
600361
600363
600416
600481
600482
600483
600562
600578
600583
600595
600601
600602
600606
600612
600685
600688
600699
600704
600707
600711
600717
600718
600720
600728
600729
600732
600733
600737
600739
600748
600754
600755
600763
600764
600765
600776
600779
600782
600787
600801
600803
600808
600816
600820
600827
600835
600839
600848
600859
600862
600863
600867
600869
600871
600872
600873
600875
600879
600881
600884
600885
600895
600901
600903
600906
600908
600909
600917
600925
600927
600928
600956
600959
600967
600968
600970
600977
600985
600988
600995
600998
601000
601001
601003
601005
601016
601019
601058
601061
601068
601077
601098
601099
601106
601108
601112
601117
601118
601127
601128
601136
601139
601155
601156
601158
601162
601168
601179
601187
601198
601200
601212
601216
601228
601231
601233
601236
601298
601333
601399
601456
601512
601555
601567
601568
601577
601598
601607
601608
601611
601615
601636
601665
601666
601689
601696
601699
601717
601718
601778
601799
601801
601808
601828
601858
601860
601865
601866
601868
601869
601872
601880
601918
601921
601928
601933
601958
601965
601966
601969
601975
601990
601991
601992
601997
603000
603026
603049
603077
603087
603092
603119
603127
603129
603156
603160
603175
603179
603185
603198
603218
603225
603228
603233
603256
603260
603267
603290
603298
603305
603308
603317
603328
603338
603341
603345
603355
603377
603379
603444
603456
603486
603515
603517
603529
603556
603565
603568
603589
603596
603605
603606
603613
603638
603650
603658
603659
603688
603699
603707
603708
603712
603719
603728
603737
603766
603786
603806
603816
603826
603833
603858
603866
603868
603882
603883
603885
603888
603893
603899
603920
603927
603939
603979
603983
605117
605358
605589
688002
688005
688006
688009
688017
688018
688019
688027
688029
688032
688037
688047
688052
688063
688065
688072
688082
688088
688099
688100
688105
688107
688114
688116
688120
688122
688153
688166
688169
688172
688180
688183
688185
688187
688188
688192
688200
688208
688213
688220
688234
688235
688248
688249
688256
688266
688276
688278
688281
688289
688295
688297
688301
688313
688318
688321
688322
688331
688336
688343
688347
688348
688349
688361
688363
688375
688385
688387
688390
688411
688425
688469
688475
688498
688516
688520
688521
688525
688536
688538
688561
688563
688567
688568
688578
688582
688599
688608
688615
688617
688629
688676
688690
688692
688702
688708
688709
688728
688772
688777
688778
688779
688819
689009