601872
300115
002002
688819
600663
000629
000636
000009
300271
600529
002925
002926
601108
000155
300763
000008
688385
600895
000898
000830
000021
601696
600373
300088
600909
300390
002544
601128
600507
603806
601577
002409
000970
300244
002957
600339
600640
002839
300315
601156
600273
603596
600643
600545
600079
603589
300482
600848
000685
300373
600633
600233
002382
000783
600901
600486
600500
603888
600717
601228
603225
600008
002648
002249
600497
002155
002807
600536
002505
000738
600487
000961
300003
000050
002583
603290
601016
002603
002440
002439
002709
600875
300070
001914
600765
601231
600307
000869
000831
603719
002506
603379
600316
600998
002372
000778
600062
603233
002531
603444
002739
002429
600410
600782
000717
601233
000733
600871
600435
300677
605358
300741
600352
002920
603345
603228
600056
000543
002465
000813
002025
000930
603256
002399
000807
002340
002407
002268
002244
000581
600060
603737
600522
003022
300182
600188
600392
601958
000039
600418
002242
600141
002701
600277
000089
300207
603613
600021
002004
002468
601828
000739
601187
600161
600639
002185
002203
600808
600498
002038
002503
603638
300212
300133
300751
600748
000826
002078
600580
600648
601611
000988
300308
300724
300017
601799
002212
600157
301029
600811
002936
603338
601158
002797
603708
002183
600908
300324
002064
601607
000301
601866
601665
601179
601992
002131
300676
300463
600299
600873
000878
688779
600132
000027
000012
300180
300850
300274
600970
002563
002390
600256
002589
600528
001965
002217
002508
600376
000709
600511
603883
002174
002946
002368
002191
600917
600094
600499
002156
600705
300630
002705
300618
600657
601298
600446
600521
600575
601860
600598
300459
600862
600839
000728
601615
300568
601098
000671
601598
600623
601077
601869
002080
600673
600515
000591
601718
601106
603658
002945
600315
002299
600801
002223
002056
601966
000932
600201
603712
603707
003035
000559
600460
600118
000723
300869
603456
300376
600645
300251
300026
002138
600823
600517
300832
000997
002850
603515
300257
600195
600489
300002
601139
001872
002092
002385
002075
300866
002422
600867
600903
601997
002281
603377
000825
002511
000690
000681
600177
002738
000999
600378
002153
002424
600369
601058
600390
002124
600776
600707
000750
600037
600032
600166
000078
002635
300072
601198
000656
300144
300682
601801
002028
600729
601005
000090
000975
600566
688772
300776
002690
600131
603605
002966
600039
002387
000630
000960
002051
600236
600928
603983
002317
001227
600597
300285
600399
600022
000062
002507
002408
002074
300357
600350
600160
600026
600516
601099
600126
600956
300166
002353
600968
603927
600546
601880
600258
000703
601003
600096
600835
300001
600208
002416
600109
002500
600906
600466
300010
002030
002375
603650
002901
600863
603893
002434
600764
002958
002010
600572
002625
603816
601555
603260
002192
300769
603218
300699
000540
002093
300604
600271
603868
002458
600053
000623
601636
002396
600535
002294
600170
600171
603939
002653
600642
601868
600804
600066
600158
002233
601975
601068
600879
002941
601666
002266
600338
002085
002818
600675
002572
603026
000028
300316
600985
000031
603688
002326
000563
601333
600372
002670
601168
600563
002128
600064
603882
000528
600038
300113
600859
002985
600216
601689
600655
300861
600398
601608
000983
600779
600073
600755
002557
300058
002815
000799
000785
002624
600329
603866
000061
688538
000758
002273
601699
600120
600739
300418
603328
300296
600426
002745
603317
000046
600885
600869
601118
600827
000937
000967
601991
000513
002419
600006
600143
300012
603198
002240
002595
601568
600415
300496
000987
600380
002127
603267
603858
300253
600988
300383
002221
601717
603156
600482
300009
600733
600266
600737
600095
002948
300888
603606
000402
300134
300558
600582
605117
002250
600787
600704
600556
600549
600959
002683
002373
600667
601456
000686
600884
000537
600649
002152
002430
603568
002831
603355
600754
000883
002568
603885
600967
600312
600820
002939
002195
000488
002640
600567
300595
600388
600259
603000
000598
601162
000959
002497
600155
600728
600881
600297
002180
600637
000400
000729
000060
000990
603517
601865
600282
601969
002302
002019
601117
601512
300223
000501
300168
600664
600803
000732
000718
600348
603077
600027
601990
300474
600927
000519
002048
600718
300146
600377
600219
600298
002444
300037
002673
601000
600699
603486
601200
603160
002791
000564
000401
000877
000553
002110
002081
600732
002146
300024
603056
300136
002065
001203
300073
000547
000158
600167
688690
002423
601778
000156
603127
601928
000998
600409
600325
000887
002384
002756
603786
300363
000683
600153