000008
000009
000012
000021
000027
000028
000031
000039
000046
000050
000060
000061
000062
000078
000089
000090
000155
000156
000158
000301
000400
000401
000402
000488
000501
000513
000519
000528
000537
000540
000543
000547
000553
000559
000563
000564
000581
000591
000598
000623
000629
000630
000636
000656
000671
000681
000683
000685
000686
000690
000703
000709
000717
000718
000723
000728
000729
000732
000733
000738
000739
000750
000758
000778
000783
000785
000799
000807
000813
000825
000826
000830
000831
000869
000877
000878
000883
000887
000898
000930
000932
000937
000959
000960
000961
000967
000970
000975
000983
000987
000988
000990
000997
000998
000999
001203
001227
001872
001914
001965
002002
002004
002010
002013
002019
002025
002028
002030
002038
002048
002051
002056
002064
002065
002074
002075
002078
002080
002081
002085
002092
002093
002110
002124
002127
002128
002131
002138
002146
002152
002153
002155
002156
002174
002180
002183
002185
002191
002192
002195
002203
002212
002217
002221
002223
002233
002240
002242
002244
002249
002250
002266
002268
002273
002281
002294
002299
002302
002317
002326
002340
002353
002368
002372
002373
002375
002382
002384
002385
002387
002390
002396
002399
002407
002408
002409
002416
002419
002422
002423
002424
002429
002430
002434
002439
002440
002444
002458
002465
002468
002497
002500
002503
002505
002506
002507
002508
002511
002531
002544
002557
002563
002568
002572
002583
002589
002595
002603
002624
002625
002635
002640
002648
002653
002670
002673
002683
002690
002701
002705
002709
002738
002739
002745
002756
002791
002797
002807
002815
002818
002831
002839
002850
002901
002920
002925
002926
002936
002939
002941
002945
002946
002948
002957
002958
002966
002985
003022
003035
300001
300002
300003
300009
300010
300012
300017
300024
300026
300037
300058
300070
300072
300073
300088
300113
300115
300133
300134
300136
300144
300146
300166
300168
300180
300182
300207
300212
300223
300244
300251
300253
300257
300271
300274
300285
300296
300308
300315
300316
300324
300357
300363
300373
300376
300383
300390
300418
300459
300463
300474
300482
300496
300558
300568
300595
300604
300618
300630
300676
300677
300682
300699
300724
300741
300751
300763
300769
300776
300832
300850
300861
300866
300869
300888
301029
600006
600008
600021
600022
600026
600027
600032
600037
600038
600039
600053
600056
600060
600062
600064
600066
600068
600073
600079
600094
600095
600096
600109
600118
600120
600126
600131
600132
600141
600143
600153
600155
600157
600158
600160
600161
600166
600167
600170
600171
600177
600188
600195
600201
600208
600216
600219
600233
600236
600256
600258
600259
600260
600266
600271
600273
600277
600282
600291
600297
600298
600299
600307
600312
600315
600316
600325
600329
600338
600339
600348
600350
600352
600369
600372
600373
600376
600377
600378
600380
600388
600390
600392
600398
600399
600409
600410
600415
600418
600426
600435
600446
600460
600466
600482
600486
600487
600489
600497
600498
600499
600500
600507
600511
600515
600516
600517
600521
600522
600528
600529
600535
600536
600545
600546
600549
600556
600563
600566
600567
600572
600575
600580
600582
600597
600598
600623
600633
600637
600639
600640
600642
600643
600645
600648
600649
600655
600657
600663
600664
600667
600673
600675
600699
600704
600705
600707
600717
600718
600728
600729
600732
600733
600737
600739
600748
600754
600755
600764
600765
600776
600779
600782
600787
600801
600803
600804
600808
600811
600820
600823
600827
600835
600839
600848
600859
600862
600863
600867
600869
600871
600873
600875
600879
600881
600884
600885
600895
600901
600903
600906
600908
600909
600917
600927
600928
600956
600959
600967
600968
600970
600985
600988
600998
601000
601003
601005
601016
601058
601068
601077
601098
601099
601106
601108
601117
601118
601128
601139
601156
601158
601162
601168
601179
601187
601198
601200
601228
601231
601233
601298
601333
601456
601512
601555
601568
601577
601598
601607
601608
601611
601615
601636
601665
601666
601689
601696
601699
601717
601718
601778
601799
601801
601828
601860
601865
601866
601868
601869
601872
601880
601928
601958
601966
601969
601975
601990
601991
601992
601997
603000
603026
603056
603077
603127
603156
603160
603198
603218
603225
603228
603233
603256
603260
603267
603290
603317
603328
603338
603345
603355
603377
603379
603444
603456
603486
603515
603517
603568
603589
603596
603605
603606
603613
603638
603650
603658
603688
603707
603708
603712
603719
603737
603786
603806
603816
603858
603866
603868
603882
603883
603885
603888
603893
603927
603939
603983
605117
605358
688385
688538
688690
688772
688779
688819